Gene	R2	R4	R6	R8	D2	D4	D6	D8	Path
G1	8.266946834	7.723485972	7.579504497	7.484136808	7.687461401	7.744529956	7.632630392	7.611826066	P1
G2	7.599278902	7.613142119	7.442863694	7.528455291	7.477603157	7.718867475	7.506700358	8.413098277	P1
G3	9.880414152	9.987953501	10.01405675	10.06759809	9.599299246	9.813735632	9.648739758	9.747597894	P1
G4	7.85138805	7.700578072	7.728672056	7.728672056	8.034128128	7.865267048	7.691624249	7.981255639	P1
G5	9.177939365	9.181055261	8.938272907	9.055596627	10.76037953	11.00578234	10.73506955	10.87815309	P1
G6	7.661701178	7.879370131	7.792296195	7.658848222	7.847288166	7.585031028	7.768256815	7.5207144	P1
G7	7.900810694	8.136078172	8.028265943	8.055676575	8.399604522	7.81747585	8.147414019	7.904003604	P1
G8	8.526922433	8.908027598	8.53215594	8.654348146	8.303293134	8.024485388	8.153490716	8.11437199	P1
G9	8.768352547	9.26348156	8.900754897	8.932937559	7.802396124	8.062292804	8.016737146	8.002455609	P1
G10	7.991680654	8.111754796	7.86907472	8.075193759	7.80514871	8.303551623	8.271936112	8.615982319	P1
G11	8.037979416	8.037979416	8.594922194	8.446823808	10.34995147	9.604817653	10.57861695	10.44830305	P1
G12	8.053175474	8.09389626	8.112545925	8.038556296	8.970390318	8.399604522	9.044254865	8.440644512	P1
G13	7.327376735	7.496786145	7.441104894	7.452468063	7.567577533	7.674110694	7.77578207	7.747248517	P1
G14	7.866013213	7.611084472	7.576147572	7.711985541	7.738921527	7.782529244	7.708934874	7.723895764	P1
G15	7.433433548	7.651191154	7.571908459	7.679148327	7.49534012	7.648801632	7.605538719	7.755243331	P1
G16	8.311175515	8.564670963	8.368179455	8.410610391	10.3722369	9.51070197	10.41102415	9.712585372	P1
G17	8.44191535	8.483923422	8.666439705	8.390734378	9.640628377	9.425125673	9.97003572	9.451519737	P1
G18	7.873004994	7.908241698	8.142437858	8.239694588	8.241037871	8.186275588	8.289811713	8.482424898	P1
G19	7.782034219	7.882773754	7.887928674	8.157587303	7.666064885	7.714290632	7.749022088	7.661701178	P1
G20	7.508839355	7.659714938	7.63069742	7.659714938	7.547608441	7.832773307	7.717241213	7.659714938	P1
G21	8.965462088	9.436572384	8.80844448	9.046136059	7.862671616	8.448620846	8.17992935	8.274861581	P1
G22	7.782529244	7.697837112	7.645392712	7.917175874	8.268744498	8.622635815	8.481499314	8.435829353	P1
G23	8.284337673	7.922224734	7.953214383	8.191821229	7.882773754	7.805731312	7.825798509	7.97900855	P1
G24	9.752632082	9.50558566	9.881656726	9.683880074	10.16868693	9.904094344	9.802372494	9.85383193	P1
G25	7.846155304	7.938883879	8.065876178	8.05460456	7.778001018	7.910347349	7.611826066	7.886030771	P1
G26	8.859493143	9.134064097	8.818835555	8.848996097	8.358266381	8.460272259	8.650144833	8.666439705	P1
G27	8.475793738	9.002362241	8.824671287	8.996853109	9.325336086	9.119647086	9.094662409	9.10296901	P1
G28	8.05533105	7.585613557	7.795152903	7.780501502	7.966521031	8.096120039	8.077700999	8.047498108	P1
G29	11.02118965	11.07012082	10.83431052	11.13549242	10.87318764	11.87910384	11.87910384	12.07353769	P1
G30	7.543417907	7.394589889	7.476329127	7.594270746	7.782529244	7.86774145	7.736762537	7.787526142	P1
G31	8.132818712	7.792296195	7.69570138	7.782034219	7.872151755	7.745421182	7.6124116	7.764598615	P1
G32	11.40790312	11.29894684	11.1261524	11.12093008	10.27474028	10.0724977	10.88716916	10.77650007	P1
G33	11.54274144	11.38709203	11.5520993	11.32135724	10.59525452	10.50051419	10.67902236	10.773107	P1
G34	8.344423252	8.136642055	8.224874407	9.622272709	8.82780749	8.519009289	8.535525377	8.728918207	P1
G35	8.100425944	8.605894706	8.111754796	8.412303376	7.786215741	7.620286421	7.689563501	7.730495311	P1
G36	10.60383763	10.40262972	10.7542697	10.58644111	10.17792983	10.03780246	9.900826167	10.00728174	P1
G37	8.999951997	8.916170072	8.860336263	8.678619425	10.10774668	9.501281351	10.39904298	9.706964434	P1
G38	10.24471003	10.00970388	10.00728174	9.782202111	10.61207102	10.09339786	10.92699054	10.63351732	P1
G39	7.786890126	7.686197123	7.686869668	8.376454019	8.487994161	7.659714938	7.753856997	7.680075843	P1
G40	8.791774385	8.848996097	9.03118153	8.646738071	9.259334064	9.117694693	9.504699351	9.452390681	P1
G41	8.651967361	7.888952846	8.96214919	8.643751975	8.674209462	9.020443825	8.701480374	8.760237349	P1
G42	10.07703453	9.549238703	10.53355614	10.10629734	9.48928053	9.532084967	9.378597917	9.520517417	P1
G43	7.574282537	7.897850018	7.778001018	7.925517964	7.725186134	7.863896643	7.751350251	7.742478236	P1
G44	9.613242042	9.75734087	9.562988189	9.574437269	9.487452843	9.913803673	9.820471585	9.85010865	P1
G45	10.31816044	10.40570596	10.28377206	10.47160764	10.37025761	10.9958447	10.68577534	10.86988834	P1
G46	7.805731312	7.482820349	7.519634136	7.727149778	7.841757252	7.908927314	8.282035959	7.862027422	P1
G47	7.482820349	7.45460647	7.504666553	7.41937779	7.632630392	7.761530577	7.738921527	7.795575807	P1
G48	8.295413631	7.707833682	7.680075843	7.666960214	7.826536696	7.722532807	7.592117616	7.693836232	P1
G49	8.807391302	8.574601919	9.166499575	8.753867654	10.07341882	10.05772489	9.845341557	10.03353363	P1
G50	9.813735632	9.973724627	10.15723625	10.48640787	8.535525377	8.407322634	8.206542995	8.230541794	P1
G51	8.162939684	7.816586389	7.745943314	7.809642394	7.79120791	7.798970761	7.701311585	7.811533238	P1
G52	7.887928674	8.106820282	7.949736906	8.15537004	8.240358303	8.058122832	8.101707153	8.068978015	P1
G53	10.00728174	10.04920256	10.65698244	10.27015708	12.09045064	11.89130812	11.82092528	11.83832452	P1
G54	9.200679714	9.288408671	8.990522042	9.112387058	9.63887748	10.57663143	10.25080739	10.27474028	P1
G55	8.800935455	8.587826549	8.36971077	8.512846092	7.974297426	8.136642055	7.997665165	8.05460456	P1
G56	8.353457907	8.069964641	9.518919956	9.29772999	8.500225017	8.662492845	8.433707844	8.493129344	P1
G57	8.919733591	9.028852375	8.534188094	8.598110551	7.481313576	7.572897941	7.544498461	7.658848222	P1
G58	8.792577696	8.257121999	8.290687493	8.480383635	9.275839046	9.855018616	9.434032518	9.566385221	P1
G59	8.607510047	8.041230647	8.951363233	8.421156162	9.339152447	9.839943681	9.351222663	9.568486412	P1
G60	8.454565465	8.658157107	8.45209733	8.832729602	9.233199971	10.42817254	10.11957407	10.31669072	P1
G61	8.345923159	8.464799824	8.815559113	8.560617521	9.128698739	8.666892157	8.710917828	8.838011075	P1
G62	8.035428727	7.620286421	7.661701178	7.666064885	7.631904174	7.644406595	7.599278902	7.738921527	P1
G63	9.962014175	10.31491478	9.855018616	9.868694056	8.819860666	8.605894706	8.622942548	8.593345221	P1
G64	10.23705956	10.25080739	9.814632918	10.01622439	8.050570197	7.971284974	8.226349398	8.217476616	P1
G65	9.205418922	9.567276606	9.467940282	9.568486412	10.87815309	10.85021181	11.08151606	11.13039998	P1
G66	8.536699722	8.637205626	8.646738071	8.554443548	8.55286484	8.733088954	8.835049999	8.805298083	P1
G67	8.53355549	7.759557162	7.989767982	8.188647252	8.222642314	8.395407726	8.171132266	8.285319294	P1
G68	9.526215211	9.733701408	10.67652249	11.20973029	8.667473001	8.794048724	7.801865629	8.053175474	P1
G69	8.007795448	7.898956894	8.340139356	8.11437199	8.09086696	7.896427905	7.900810694	8.057410076	P1
G70	7.549053154	7.689563501	7.565112442	7.823741299	7.652901195	7.690343326	7.647721875	7.645392712	P1
G71	8.381075067	7.82416338	7.770813024	7.892068834	7.789253615	7.870746192	7.912406795	8.018158672	P1
G72	7.972387395	8.171942335	8.127487015	8.146055212	8.788018057	8.641076498	8.457721503	8.636159649	P1
G73	7.89841685	8.132818712	7.889787496	8.133229813	8.416802924	8.197447016	8.059282839	7.998653551	P1
G74	7.795152903	8.019527581	7.770106831	7.815118131	7.783285163	7.765438973	7.723895764	7.843024742	P1
G75	10.82681767	10.69893017	10.54075147	10.65698244	9.704933552	10.18980403	10.37974503	10.68914202	P1
G76	10.00970388	9.97003572	9.749041377	9.727093081	9.526215211	9.80853544	9.533041354	9.549238703	P1
G77	8.63000852	8.179257363	8.340937533	8.17722021	8.106820282	8.323252575	8.074079751	8.17992935	P1
G78	7.544498461	7.600214765	7.641039961	7.656616626	7.655711383	8.01031903	7.636939079	7.841123947	P1
G79	8.183436931	8.099777334	8.360957682	8.420224549	8.735164394	8.641840679	8.633292297	8.829950964	P1
G80	8.356275868	8.519009289	8.447732772	8.44191535	8.794529713	9.759937164	9.339152447	9.530700423	P1
G81	9.102184971	9.359236796	9.190327548	9.281283054	9.578360713	10.37974503	9.909777545	10.05180758	P1
G82	8.827155698	8.662189834	8.384293773	8.802129659	9.742318706	9.613242042	9.759937164	9.610936526	P1
G83	8.490990538	8.474049462	8.389557357	8.237289528	8.15537004	7.937041674	8.268137472	8.022800263	P1
G84	8.047919029	8.237289528	8.344915906	8.313597685	8.300979925	7.801865629	8.680162068	7.935920298	P1
G85	10.56788265	10.39214074	10.773107	10.56491125	10.24808042	9.706964434	9.663375172	9.561428572	P1
G86	7.657623875	7.700123937	7.798267692	7.601468076	7.749022088	8.281314497	7.636115407	7.965301981	P1
G87	7.55361392	7.783936048	7.5207144	7.747248517	7.565112442	7.684451426	7.576147572	7.532157622	P1
G88	8.360957682	7.93551045	8.041230647	7.963063983	7.796406938	7.71467287	7.722532807	7.810632693	P1
G89	7.648801632	7.609635828	7.756427076	7.747248517	8.017438968	7.60169829	7.876453752	7.646377863	P1
G90	7.912406795	7.799594351	7.939494948	7.884282718	7.742478236	8.17722021	7.917758981	8.225241475	P1
G91	7.602737369	7.421945881	7.802396124	7.615292226	7.807500057	8.074079751	7.997138366	8.136078172	P1
G92	10.63770115	10.65895379	10.44125811	10.82681767	10.75151178	10.21917262	10.73747483	10.92225944	P1
G93	7.42310857	7.60329178	7.670556932	7.616029663	8.13029166	7.69570138	7.627253877	7.751350251	P1
G94	7.646377863	7.897306805	7.769634002	8.033102926	7.998653551	8.002455609	7.802396124	7.780501502	P1
G95	9.439351738	9.302117491	8.436924675	8.468868341	8.600649684	8.395785098	8.646738071	8.615276662	P1
G96	8.468189742	8.342332439	9.077253801	8.536699722	9.344497879	8.623973441	9.092894699	8.789736994	P1
G97	7.504666553	7.484136808	7.693836232	7.518556973	7.750679262	7.781133669	8.075761851	7.698988172	P1
G98	10.22438091	10.71878935	9.725639137	10.22642705	9.144312802	9.668493842	9.194435579	9.200679714	P1
G99	8.178261585	8.09086696	8.300427054	8.096875674	7.969884803	7.828361234	7.884815218	8.095608451	P1
G100	8.369169725	7.464774975	9.331914358	7.441104894	8.623973441	7.611084472	7.662527437	7.689563501	P1
G101	8.459462991	8.402936732	8.269782309	8.337444563	7.944440921	8.055676575	8.047498108	8.137856187	P1
G102	10.66987918	10.80238502	10.57663143	10.74023625	8.259742619	8.381075067	8.179257363	8.316561075	P1
G103	9.336222217	8.887662784	9.286841661	9.094662409	8.408303002	8.638746753	8.355649302	8.487189325	P1
G104	10.05615591	10.21175533	10.10159938	10.46284518	10.36784512	10.70495405	10.53865423	10.73506955	P1
G105	9.855018616	9.968277776	10.21346202	10.08179623	11.16295386	11.13039998	10.97913857	11.09964304	P1
G106	8.109774834	8.236031511	8.211038801	8.285319294	8.073566105	7.884815218	8.124411857	7.968544952	P1
G107	9.524610634	9.437815418	9.159292282	9.200679714	8.383211081	8.151305946	8.286970068	8.267734659	P1
G108	8.362467045	9.288885265	9.818358886	10.52477052	10.53572237	7.825798509	8.520465299	7.809190312	P1
G109	9.679998965	9.560128025	9.733701408	9.542654969	10.38986014	9.615800911	10.50147398	10.32437464	P1
G110	9.340164998	9.321783607	9.586666223	9.452390681	9.952214511	9.654288282	9.518919956	9.526215211	P1
G111	14.23348212	13.87560148	14.34921478	14.13025968	14.4539766	14.23348212	14.02416915	14.1095164	P1
G112	8.407322634	8.124411857	8.413098277	8.419189586	8.165937404	8.626537632	8.161526288	8.318009976	P1
G113	9.624395211	7.461701702	7.273214887	7.485785072	7.327376735	7.467895255	7.371454414	7.356136672	P1
G114	7.34120471	7.49534012	7.304706966	7.323295572	7.723485972	7.433433548	7.600214765	7.570669044	P1
G115	9.665940846	9.585336918	9.791120012	9.769851205	9.472674327	8.951363233	9.048091973	10.09182489	P1
G116	11.47817498	10.61756865	12.03044392	11.14773964	14.13025968	13.80421134	13.72374119	14.02416915	P1
G117	7.45460647	7.677706444	7.476329127	7.681197123	7.843024742	7.881612087	8.02138374	7.803153983	P1
G118	9.23525884	9.609361929	9.132238324	9.118756517	8.697316043	9.333247295	9.374461559	9.253550618	P1
G119	7.66081934	7.739419733	7.710487086	7.718867475	7.930053763	7.763147105	8.589480056	7.76778681	P1
G120	7.533204804	7.522798554	7.467895255	7.487086607	7.645392712	7.930571589	7.865267048	8.131177796	P1
G121	7.69570138	7.426630272	7.383321719	7.283794325	7.543417907	7.690916768	7.403919588	7.476329127	P1
G122	7.434618731	7.573630808	7.671423785	7.34120471	8.062292804	7.767320615	7.838537826	7.990784795	P1
G123	10.91118176	10.83160263	10.77650007	10.76391352	12.09620789	11.20973029	11.87106164	10.73124916	P1
G124	10.51092155	10.54075147	10.59213224	10.57663143	11.42129056	10.25080739	11.37616182	11.06333256	P1
G125	7.663071925	7.670556932	7.634852347	7.356136672	8.66324938	8.162710768	8.948174851	8.664170253	P1
G126	8.020700047	8.109240744	8.186275588	8.39237688	8.192466635	8.674209462	8.313267436	8.504655795	P1
G127	8.928397996	8.931878575	8.765323042	8.744708425	7.908927314	8.156194785	7.865667885	7.979403362	P1
G128	7.656616626	7.492549004	7.266203916	7.429347558	7.429347558	7.688523727	7.405838695	8.192466635	P1
G129	7.541904384	7.711985541	7.685600555	7.609635828	8.365668281	7.992779308	8.221967192	8.450098356	P1
G130	10.87815309	10.76130187	10.93037613	10.55881167	11.5133061	10.43062286	11.42923423	10.61562671	P1
G131	7.92874677	7.935920298	7.987859919	8.021073644	8.38505949	8.405175382	8.303293134	8.457721503	P1
G132	14.02416915	13.84809335	14.07202493	13.75309845	13.93259554	12.7367192	14.1095164	13.52006329	P1
G133	12.24323811	12.33533219	12.21656739	12.53599743	10.63351732	11.29286056	10.45502664	10.74023625	P1
G134	9.472674327	9.043256942	8.86594086	8.954142682	7.81747585	8.070617872	8.086878829	8.05533105	P1
G135	7.769634002	7.715936461	7.991680654	7.927325228	9.761097743	7.643066223	9.292702462	7.699575003	P1
G136	7.869623726	7.845573875	8.323252575	8.086878829	8.357194354	8.014287083	8.197008477	8.273959098	P1
G137	7.679148327	7.811197241	7.787526142	7.572897941	8.051338198	7.51671493	7.898956894	7.565112442	P1
G138	8.115502419	8.539555918	8.452597162	8.185593084	8.088119091	7.851983129	7.826536696	7.773135546	P1
G139	7.76096294	7.719721543	7.79181429	7.758547331	8.049050316	7.904003604	7.960272487	7.686869668	P1
G140	7.810632693	8.001632305	7.743874569	8.035428727	7.814404231	7.759557162	8.031704976	7.697149159	P1
G141	7.4663579	7.616029663	7.461701702	7.529635106	7.503434246	7.844591261	7.49534012	8.674980833	P1
G142	7.503434246	7.778001018	7.616029663	7.743395805	7.408702636	7.768955635	7.552222924	7.591321197	P1
G143	8.246493012	7.992779308	7.867162535	8.045906952	7.770813024	7.866013213	7.828058984	7.781133669	P1
G144	8.175619489	8.320650006	8.460922232	8.403578511	7.685600555	7.738705071	7.607989521	7.951485531	P1
G145	7.562848403	7.666960214	7.690343326	7.717241213	7.898956894	8.180603011	7.82899761	7.763889758	P1
G146	7.949736906	8.311175515	8.056708797	8.115502419	7.668044931	7.926136115	7.881612087	7.914663482	P1
G147	7.796406938	7.798267692	7.686197123	7.799594351	9.026159548	9.286841661	9.124914268	9.234425763	P1
G148	7.558701435	7.733695887	7.657623875	7.671976775	7.726118652	7.795152903	7.672753005	7.969041065	P1
G149	7.647721875	7.925085266	7.750110194	7.796406938	7.849148767	7.519634136	7.786215741	7.636115407	P1
G150	7.636115407	7.662527437	7.715417956	7.59358925	8.683457242	8.580047899	9.899852679	8.263919361	P1
G151	7.535967498	7.476329127	7.587727909	7.405838695	7.880591924	7.576147572	7.811533238	7.843603459	P1
G152	8.082676782	8.440644512	8.260925599	8.339180245	8.598586676	8.27796339	8.309484076	8.085951682	P1
G153	7.463963081	7.566058131	7.649852358	7.414842572	7.594270746	7.49534012	7.619416248	7.514943863	P1
G154	7.731378463	8.078434516	7.787978289	7.905281392	7.552222924	7.698988172	7.573630808	7.555103768	P1
G155	7.616029663	7.77362907	7.729716597	7.742478236	7.541904384	7.770106831	7.887358703	7.673646347	P1
G156	7.86907472	7.706833212	7.847939797	8.034128128	8.975873992	7.940803953	8.864696965	7.737262473	P1
G157	7.441104894	7.594270746	7.496786145	7.551129404	7.615292226	7.792804752	7.834782995	7.85388416	P1
G158	8.251022562	8.412303376	8.15537004	8.283999231	8.771380415	9.739576528	9.693710607	9.763668544	P1
G159	7.842376299	8.009221425	8.076243818	7.879891611	8.197008477	9.036614513	8.926389893	8.850862246	P1
G160	7.784461252	7.643066223	7.9578062	7.825798509	8.146055212	7.89369861	7.988958296	7.922889179	P1
G161	11.07012082	10.92225944	11.26245173	10.94039591	10.96095926	10.80238502	10.87624407	11.03496025	P1
G162	8.230541794	8.348113507	8.357194354	8.477800761	9.75734087	10.09096681	9.786988298	9.968277776	P1
G163	7.333293425	7.357532851	7.543417907	7.598501386	7.660186241	7.611826066	7.478971913	7.582792148	P1
G164	8.389019707	8.68613713	8.410610391	8.726707676	8.341367167	7.905813078	8.360957682	8.015187299	P1
G165	7.896940052	7.684451426	7.975274435	7.987297543	9.372428823	8.220392229	8.827155698	8.279488478	P1
G166	7.592117616	7.846155304	7.809190312	7.847288166	9.57232674	9.579679514	9.069692329	9.17446823	P1
G167	10.14312418	10.09096681	9.62821086	9.827162289	9.33053748	10.34194592	10.05615591	10.28377206	P1
G168	8.329126372	8.470736795	7.960675431	8.215012137	9.206359635	9.375713627	9.452390681	9.29772999	P1
G169	7.689563501	7.579504497	7.546555037	7.567189794	7.634852347	7.813773954	8.175619489	8.004782662	P1
G170	14.4539766	14.54949555	14.29742414	14.34921478	14.84947106	14.64985907	15.04639294	14.3795957	P1
G171	8.662189834	9.118756517	8.971251914	8.714667523	10.77650007	9.965119582	10.18854053	9.619037001	P1
G172	7.993162446	8.205889432	8.127894858	7.946299668	8.187641849	7.641039961	8.181326336	7.785817402	P1
G173	8.460922232	8.708238046	8.823674649	8.481499314	16.17730801	8.181326336	10.65698244	7.92874677	P1
G174	8.532676117	8.415338674	8.984396264	8.59277651	8.228952367	7.783575162	8.061968717	8.101031195	P1
G175	7.775197361	8.057410076	7.823741299	8.256834902	8.101031195	7.755243331	7.844304235	7.761530577	P1
G176	7.476329127	7.976710986	7.527572854	7.434618731	7.737262473	7.552222924	7.641039961	7.592872682	P1
G177	9.256226484	9.281283054	8.898670772	9.288885265	7.992779308	7.810632693	8.011958216	8.141114135	P1
G178	7.561995971	7.449249746	7.547608441	7.432057018	7.60425931	7.763889758	7.720873573	7.750679262	P1
G179	9.0057682	8.492449726	8.598110551	8.476565808	8.875798291	8.78088952	8.695677083	8.872516055	P1
G180	7.546555037	7.781377384	7.607989521	7.920569503	7.900224837	7.79181429	7.689563501	7.845573875	P1
G181	8.154210127	7.939494948	8.326976136	8.076243818	8.030290979	7.790896517	7.770813024	8.112545925	P1
G182	8.366237608	8.71032349	8.801267386	8.621796972	8.976849281	8.70673953	9.037627759	8.737322049	P1
G183	8.03072158	7.469742851	7.961069902	7.442863694	8.659183336	8.358542132	8.284337673	8.254514698	P1
G184	7.403919588	7.485785072	7.407177087	7.469742851	7.620286421	7.886832637	7.933396688	7.800860216	P1
G185	7.408702636	7.251886508	7.156469632	7.295827324	7.345214531	7.399482216	7.277439352	7.156469632	P1
G186	10.47321491	10.53355614	10.27474028	10.43943285	10.90688771	11.52034595	11.46387857	11.61872555	P1
G187	7.772474525	7.498046556	8.213970645	7.597611644	7.519634136	7.681197123	8.27727706	7.544498461	P1
G188	7.856334881	7.736762537	7.892068834	7.91286337	8.347124115	8.297098435	8.236031511	8.372667475	P1
G189	7.847495996	7.476329127	7.508839355	7.45712789	7.517621658	7.545238285	7.462912162	7.522798554	P1
G190	7.401808839	7.436072971	7.535967498	7.607989521	7.625039337	7.597611644	7.76096294	8.033102926	P1
G191	7.651191154	7.60169829	7.647721875	7.320579854	7.907240521	7.59358925	8.265937664	7.720873573	P1
G192	9.645610714	9.356453356	9.193288854	9.608041971	9.956765729	9.907894125	9.245803554	9.636398862	P1
G193	10.0946829	10.44125811	9.888727544	10.14641139	10.81313406	11.75124078	11.12093008	11.32500747	P1
G194	8.864696965	9.247966671	8.884448498	9.03118153	8.755601558	9.030117895	8.855676438	8.947225773	P1
G195	8.929960872	8.811318763	8.901972658	8.651967361	9.197286717	9.985907039	9.542654969	9.767866431	P1
G196	8.418292608	8.497214143	8.733088954	8.468189742	8.936682012	8.781868928	8.868588584	8.816906098	P1
G197	8.285885976	7.756427076	7.77578207	7.862027422	8.034855901	7.889787496	7.849148767	7.986047733	P1
G198	7.706833212	7.863896643	7.837079055	7.97900855	8.61686599	8.478590514	8.672784656	8.59277651	P1
G199	7.713047238	7.699575003	7.743395805	7.944090839	7.783936048	7.734724123	7.81747585	7.668754698	P1
G200	7.394589889	7.752885966	7.77362907	7.729716597	7.64378655	7.757771592	7.686869668	7.632630392	P1
G201	7.727482848	7.636939079	7.552222924	7.743874569	7.462912162	7.637702107	7.606453447	7.693251634	P1
G202	7.569163573	7.452468063	7.526659438	7.639397277	7.747248517	7.792296195	7.727482848	7.705035266	P1
G203	8.340139356	7.874622819	7.864485882	8.066643217	7.808513252	7.838175253	7.686197123	7.830859341	P1
G204	7.407177087	7.646377863	7.533204804	7.526659438	7.643066223	7.586128863	7.670556932	7.745943314	P1
G205	7.805981221	7.644406595	7.91286337	7.676773615	9.098923592	8.965462088	8.929960872	8.931878575	P1
G206	7.411963705	7.391142894	7.577422791	7.449249746	7.644406595	7.540823594	7.660186241	7.437917045	P1
G207	8.198886038	7.760294027	7.705035266	7.687461401	7.607989521	7.884282718	7.812104319	7.865267048	P1
G208	7.690916768	7.556983792	7.510671831	7.847495996	7.623760251	7.820220303	7.843024742	8.165937404	P1
G209	10.17792983	9.742318706	10.27197303	10.49510963	9.160486676	9.753657273	9.411109834	9.656745281	P1
G210	12.97694515	13.04902976	13.14113533	12.93979049	13.75309845	13.93259554	13.44681022	13.44681022	P1
G211	11.04067407	10.85976653	11.29894684	11.10606143	11.70639885	11.62462571	11.33626093	11.4749421	P1
G212	9.493698346	8.730282777	9.779429562	9.496296957	9.542654969	9.836041245	9.065248752	9.288408671	P1
G213	7.815118131	7.970524529	7.996143707	8.050826823	7.931009033	8.275792082	8.110880618	8.097494032	P1
G214	9.132809866	8.995493344	8.736348876	9.030117895	8.842810207	9.156449739	9.049277891	9.306444667	P1
G215	12.53599743	12.56048495	12.60564855	12.54392407	12.20859206	13.00237959	12.91505867	12.90481187	P1
G216	8.59757628	8.300427054	8.25045339	8.275792082	8.470122062	8.713111431	8.336520818	8.43160479	P1
G217	10.53730302	10.48969426	10.7427222	10.72121798	11.61872555	11.73262833	11.34217207	11.53519595	P1
G218	10.8070303	11.1261524	11.40081976	11.20442536	13.15961312	13.34588774	12.89354223	12.64431316	P1
G219	10.30395508	10.50051419	10.18980403	10.06179005	11.14163165	10.54075147	10.92225944	10.58644111	P1
G220	8.201699686	7.980615594	7.82899761	7.915705466	8.111754796	7.671976775	8.097494032	7.832246051	P1
G221	8.474049462	8.73231586	8.398676474	8.463306675	8.081336157	7.820764974	8.107655173	7.860930599	P1
G222	15.74575269	15.74575269	15.61389067	15.61389067	15.30312903	15.15521229	15.45225596	15.30312903	P1
G223	10.42653208	10.26334719	10.42817254	10.33893736	10.0184131	9.716649596	9.982651283	9.985907039	P1
G224	11.78980737	11.67917877	12.05498333	11.97964251	13.82289618	13.56238369	13.49684605	13.34588774	P1
G225	8.746634675	9.036614513	8.761428524	8.973018703	8.807790148	9.012828649	8.823674649	8.790444457	P1
G226	10.09003412	9.699297036	10.53572237	10.15723625	11.09112341	10.96322769	10.70272838	10.8180151	P1
G227	9.176486018	9.154525027	9.023277385	9.326985628	8.351642858	8.824671287	8.70926356	8.836484356	P1
G228	8.654348146	8.915362295	8.71625956	8.783193187	9.105684715	9.822036014	9.526215211	9.609361929	P1
G229	8.661097821	8.584374107	8.562691443	8.570523085	8.817890161	9.300180356	8.984396264	8.931030876	P1
G230	8.458452695	8.307894978	8.920829643	9.184392515	9.499489191	9.647640235	9.515563398	9.57232674	P1
G231	8.673697752	8.517028074	8.806996346	8.835049999	9.223105161	9.590053287	9.200679714	9.326985628	P1
G232	9.633649499	9.917356234	9.845341557	9.662116662	8.342332439	8.137856187	8.323983999	8.162710768	P1
G233	8.357194354	8.256834902	8.282478832	8.215907677	8.083832159	7.882458647	8.095608451	7.856334881	P1
G234	9.236348077	9.403094998	9.385183729	9.242806656	9.201791476	9.048877965	9.487452843	9.606008254	P1
G235	9.499489191	9.336222217	9.206359635	9.232356163	9.416443219	9.354767247	9.613242042	9.558285501	P1
G236	9.321783607	9.385183729	9.494829277	9.51070197	8.334378772	8.132818712	8.204522411	8.331479884	P1
G237	13.40910848	13.12249441	13.47181417	13.52006329	13.38433937	13.22118502	12.97694515	12.92543954	P1
G238	8.697316043	8.969270564	8.650853026	8.743815914	8.99291633	8.968288582	8.811318763	8.757810249	P1
G239	8.615982319	8.162302716	7.792804752	7.763889758	7.846682047	8.283127089	7.645392712	7.836053268	P1
G240	12.82218016	13.00237959	12.72452959	12.79148183	11.29894684	11.64613937	11.73262833	11.64613937	P1
G241	8.380073769	8.596085908	8.035428727	8.149548966	7.664034569	7.874622819	7.880591924	7.90634809	P1
G242	9.265848717	8.657423635	9.281283054	9.446687069	8.714667523	8.99768288	9.175358175	9.417419305	P1
G243	9.454705612	9.475940457	9.395007062	9.469830282	8.835049999	9.043256942	8.937512459	8.957239409	P1
G244	8.612908056	8.553666056	8.651967361	8.562691443	8.629072011	8.703396144	8.63000852	8.646099269	P1
G245	10.24704954	10.21346202	10.2996155	9.842614813	10.68914202	9.838185648	10.2058545	9.472674327	P1
G246	8.59757628	8.500225017	8.685271193	8.509125641	8.228952367	7.848466823	8.15537004	7.911723515	P1
G247	11.62820934	11.49523094	11.74750208	11.57649408	13.09972748	12.52171047	13.54313459	13.21011278	P1
G248	10.84150051	10.70908137	11.01391874	10.84701454	12.26838437	11.70639885	11.62462571	11.76176323	P1
G249	10.43676406	10.25717483	10.43943285	10.12614258	11.63770319	10.47703819	11.79718603	11.38185053	P1
G250	9.640628377	9.443614638	9.681347753	9.462627966	8.666439705	8.336877676	8.394581202	8.307209864	P1
G251	14.7776308	14.84947106	14.50488723	14.60417961	13.52006329	14.15254594	13.87560148	13.62676318	P1
G252	10.56491125	10.60383763	10.67902236	10.71152244	9.769851205	9.638000959	9.496296957	9.498485873	P1
G253	9.377454438	9.900826167	9.082526347	9.253550618	8.733904744	9.467940282	9.527692989	9.521927913	P1
G254	10.55269043	10.53572237	10.57861695	10.68914202	11.1261524	11.57649408	11.39290309	11.44629357	P1
G255	8.573893166	8.681457139	8.599446501	8.891302309	8.744708425	9.130959749	8.936682012	8.946744152	P1
G256	9.973724627	10.04075419	10.39214074	10.13422359	10.71878935	10.70647291	10.44466991	10.67902236	P1
G257	9.697480863	9.769851205	9.735078991	9.519863207	11.02118965	10.13641749	10.5274296	9.952214511	P1
G258	9.577374867	9.721811027	9.739576528	9.499489191	10.93533831	10.0352426	10.89252865	10.16868693	P1
G259	8.56642986	8.800935455	8.638746753	8.717442873	10.34524288	9.769851205	10.13912561	9.242806656	P1
G260	9.704321914	9.482136411	9.816305173	9.849062841	9.719633726	9.295750682	9.416443219	9.446687069	P1
G261	8.450098356	8.482869283	8.55076679	8.354344833	8.458452695	8.313597685	8.257121999	8.228952367	P1
G262	8.80844448	8.350086714	8.641840679	8.873439524	8.902866545	8.637205626	8.517028074	8.627621809	P1
G263	12.36098226	12.30528863	12.11109676	12.176368	10.7427222	10.62096452	10.13054939	10.14641139	P1
G264	8.549138082	8.95271804	8.609257026	8.668869411	9.566385221	10.14132186	9.841192771	9.981380107	P1
G265	8.402936732	8.456199482	8.526922433	8.568456823	8.974904342	9.771909582	9.695984007	9.771909582	P1
G266	9.554415709	9.725639137	9.364590217	9.498485873	8.831839873	9.259334064	9.151490437	9.273282347	P1
G267	11.22102079	11.19654043	11.13039998	11.38709203	12.60963983	13.15961312	12.64431316	12.70852826	P1
G268	9.116786448	9.315293197	9.641943952	9.3232824	10.28625584	10.33347115	10.09182489	10.13195165	P1
G269	11.05992114	11.10794857	11.11119235	10.73124916	13.14113533	12.26838437	12.63028656	11.68971074	P1
G270	12.4546538	12.41050347	12.41050347	12.22618017	10.78668944	10.08780796	10.82913462	10.53098617	P1
G271	9.671048938	9.618255404	9.553549676	9.403094998	9.993066638	9.524610634	10.14132186	9.946979284	P1
G272	9.521927913	8.064396104	8.668869411	8.162939684	8.052012424	7.900810694	7.993610124	8.162710768	P1
G273	7.970524529	7.673646347	7.90634809	8.002455609	8.212241188	7.886030771	7.820764974	8.077700999	P1
G274	8.146643299	8.313597685	8.058122832	8.295413631	8.151763619	8.168606496	8.075193759	8.141916745	P1
G275	10.92699054	11.00973989	10.82913462	10.80938397	10.28130406	10.86483382	10.34683059	10.52477052	P1
G276	10.09096681	10.54839185	10.6431304	10.51835298	10.56235124	10.45103423	10.33756465	10.26334719	P1
G277	7.668754698	7.66938708	7.910347349	7.752885966	7.847495996	7.79120791	7.729716597	7.845024926	P1
G278	7.760294027	7.664034569	7.711985541	7.793863889	7.752440182	7.567577533	7.703531944	7.717241213	P1
G279	11.15249115	10.89252865	11.15766623	10.73747483	10.65698244	9.473566215	10.7542697	10.16710524	P1
G280	9.763668544	9.473566215	9.782202111	9.613242042	10.20411564	9.564510164	10.31669072	10.23956861	P1
G281	7.825323923	7.833436861	7.820220303	7.703531944	8.04407443	7.496786145	7.830859341	7.805981221	P1
G282	9.562988189	9.936788556	9.625885223	9.307563966	11.40790312	10.76130187	11.11830848	11.27999535	P1
G283	7.867162535	7.680075843	7.97900855	7.832773307	8.030290979	7.86774145	7.728174291	7.955917843	P1
G284	7.919988133	8.040314343	7.732963037	7.867000988	7.940803953	7.990784795	7.784461252	7.756003327	P1
G285	7.641548849	7.945227387	7.834782995	8.123206121	7.768256815	7.807500057	7.602737369	7.802396124	P1
G286	10.34524288	10.27746491	10.23705956	10.18854053	8.853962196	9.437815418	9.305716092	9.182236338	P1
G287	8.085405693	8.082087023	8.141114135	8.175619489	9.682225005	8.700324363	9.938741842	9.660780525	P1
G288	7.861456367	7.995025286	7.768256815	8.004302647	7.881612087	8.021073644	7.655711383	7.758547331	P1
G289	8.569225418	8.454565465	8.071263924	8.000995515	8.256834902	8.27727706	8.087840352	8.231518616	P1
G290	8.257121999	7.880591924	8.12644319	7.959723906	9.306444667	8.764273123	9.155230966	8.299731364	P1
G291	10.13195165	10.16223254	10.12097792	9.686426887	10.15025733	9.206359635	10.23151636	9.778714063	P1
G292	7.85388416	7.950062178	7.986047733	7.818681123	7.890739175	7.676773615	8.019527581	7.663071925	P1
G293	7.830859341	7.852751349	8.109240744	7.96388164	8.007795448	7.797558354	7.848466823	7.911210021	P1
G294	7.485785072	7.38576137	7.439280758	7.399482216	7.499935055	7.397441308	7.407177087	7.37253886	P1
G295	7.549620121	7.537686143	7.618340132	7.569163573	7.446735909	7.478971913	7.394589889	7.469742851	P1
G296	7.499935055	7.591321197	7.637702107	7.686197123	7.700123937	7.850513617	7.551129404	7.558701435	P1
G297	8.465286372	7.504666553	7.645392712	7.533204804	7.681197123	7.752885966	7.503434246	7.790896517	P1
G298	8.638746753	8.403578511	8.227854079	8.278599031	8.846389946	8.929960872	8.829950964	9.207599465	P1
G299	10.22288764	9.577374867	9.694543639	9.524610634	10.59213224	10.49286733	10.63996948	10.66450892	P1
G300	8.296360963	8.102821506	8.265937664	8.325258173	8.978648285	8.955330315	8.722085097	8.940431339	P1
G301	8.357194354	8.687834036	8.385554732	8.475793738	8.222226048	8.590943695	8.53355549	8.563550982	P2
G302	8.487189325	8.429699712	8.843740911	8.422461733	10.02065989	9.979531865	9.647006853	9.749041377	P2
G303	9.317239702	9.090691338	8.957239409	8.77576804	7.885110609	8.258343679	8.082676782	8.299377075	P2
G304	7.738921527	8.091894716	7.822148073	8.108451627	7.869623726	8.032743806	7.842376299	7.964347052	P2
G305	9.978374734	10.27474028	9.858026005	9.936788556	7.866013213	8.42879271	8.536148195	8.297886151	P2
G306	9.778714063	9.58259463	9.345576495	9.493698346	10.67652249	11.33626093	11.01627544	10.85976653	P2
G307	7.877083186	7.786215741	8.03072158	8.198516124	7.950655547	8.020083049	8.045906952	8.017438968	P2
G308	7.732081401	7.850751326	8.113529393	7.818056238	7.832246051	7.825323923	7.98339968	7.957252876	P2
G309	9.568486412	9.761097743	9.425125673	9.385183729	9.871303817	9.44503938	9.709475912	9.480645103	P2
G310	9.085870206	8.717442873	8.211514544	8.194089191	8.682110631	8.458452695	8.880255715	8.721348725	P2
G311	11.27049511	11.05668634	10.94915903	10.93533831	12.6678497	12.69678137	12.90481187	12.88710424	P2
G312	10.18667557	9.686426887	9.404678814	9.309255316	8.325258173	8.513696982	8.503631295	8.806112505	P2
G313	12.7367192	12.84163563	12.70852826	12.68941248	12.02556119	13.2437917	13.14113533	13.18864436	P2
G314	8.783193187	8.308820049	8.455628865	8.451137951	9.321783607	9.385183729	9.188220038	9.244054759	P2
G315	10.12097792	9.706964434	10.37974503	9.972138169	10.91118176	10.74023625	10.57253517	10.66987918	P2
G316	9.651058041	9.918738214	9.288408671	9.590053287	10.13912561	10.75151178	9.880414152	10.16530452	P2
G317	8.894115283	8.970390318	8.525070252	8.831228805	8.80844448	9.735078991	9.359236796	9.482136411	P2
G318	8.16430986	8.241759214	8.019003337	8.204916875	7.774014464	8.138766633	7.943452161	7.896427905	P2
G319	10.13422359	9.606008254	9.44144023	9.551330787	9.836041245	10.18068625	9.858026005	9.733701408	P2
G320	7.917175874	7.925085266	8.428151274	8.173700295	9.511799828	10.01512998	9.430860584	9.633649499	P2
G321	8.073187444	8.608508041	8.780300471	8.842023957	10.32437464	10.57861695	10.17074924	10.14312418	P2
G322	9.194435579	8.838011075	8.817890161	8.947225773	9.636398862	9.497073084	9.265848717	9.363439298	P2
G323	8.795227586	8.959917037	8.362467045	8.351642858	9.23525884	8.917223944	8.935692743	8.861585542	P2
G324	9.85010865	9.875865133	9.89757575	9.938741842	10.65059071	11.04067407	10.8180151	10.97242228	P2
G325	9.310014444	9.777941555	9.069692329	9.146759799	9.345576495	9.553549676	9.791120012	9.834950435	P2
G326	10.2169336	10.46068783	10.11957407	10.13054939	9.633649499	9.888727544	9.763668544	9.811359995	P2
G327	8.725429412	7.795152903	7.845024926	7.784863229	8.730282777	8.898670772	8.617844994	8.649400635	P2
G328	8.749890204	8.831228805	8.861585542	9.416443219	9.593207368	9.588015045	9.659341484	9.497073084	P2
G329	8.896184925	9.28413902	8.710917828	8.798951955	10.15561252	11.07012082	9.964031633	10.23151636	P2
G330	10.01512998	9.541182005	9.277272356	9.460192824	8.572311904	8.948589188	8.798393858	8.989211936	P2
G331	8.540025392	8.921372403	8.608508041	8.719807757	8.689326569	8.842810207	8.73231586	8.859493143	P2
G332	9.675707067	8.120716206	8.543338654	7.938883879	8.268744498	8.267734659	8.063504596	8.264556852	P2
G333	9.710387279	9.89591847	9.978374734	9.892045007	11.84489965	12.37721197	11.68971074	11.84489965	P2
G334	8.551764327	9.381089063	9.282536673	9.23525884	10.26554579	10.23151636	10.04491346	9.984310275	P2
G335	7.920569503	8.085951682	7.950062178	7.903364548	8.698862726	8.15265692	8.389557357	8.138766633	P2
G336	8.629072011	8.570523085	8.791774385	8.483923422	8.798393858	8.303293134	8.940431339	8.448620846	P2
G337	8.012928594	8.063504596	8.241759214	8.109774834	8.278599031	7.831410891	8.386243553	8.171132266	P2
G338	8.816906098	8.579010993	8.890289225	9.343139515	8.63000852	8.271936112	8.61686599	8.586021703	P2
G339	10.84701454	11.02118965	10.85428532	10.95749359	8.812836962	9.224078684	9.122460629	9.145371329	P2
G340	8.17992935	8.321640424	8.4308961	8.605894706	8.472688811	8.807790148	8.733904744	8.848996097	P2
G341	8.383211081	7.790896517	7.955917843	7.957252876	8.126974519	8.373193515	7.910347349	7.977910185	P2
G342	7.768256815	7.778001018	7.829639004	7.849662254	8.00603284	7.861456367	8.324829123	8.094940291	P2
G343	9.964031633	10.17792983	10.0184131	10.3015372	12.79148183	11.90672413	12.82218016	11.74750208	P2
G344	9.036614513	9.162988932	9.237386125	9.115920257	9.694543639	9.057374963	10.18300955	9.588658466	P2
G345	12.11109676	12.02556119	12.16486795	12.04751901	10.00229869	9.419420835	10.12614258	10.0352426	P2
G346	8.086878829	7.892068834	8.002455609	8.125050059	8.670311388	8.390734378	8.387533356	8.375753243	P2
G347	9.809650056	9.651058041	9.776317114	9.554415709	9.635889932	9.44144023	9.594951839	9.608041971	P2
G348	9.206359635	8.566089217	9.4556098	9.364590217	9.916247913	9.911016536	9.545629904	9.710387279	P2
G349	7.660186241	7.859408906	7.684451426	7.77727728	7.703531944	7.725186134	7.719721543	7.691624249	P2
G350	9.791120012	9.870245136	9.730746987	9.764821063	8.731141461	9.326985628	9.328139296	9.41538541	P2
G351	9.257194118	9.15829569	9.316050402	9.01929706	9.966793516	9.430234927	10.08780796	10.02734666	P2
G352	7.871209047	7.837731426	7.799594351	7.865667885	8.690091033	9.076157065	9.014655451	9.087601534	P2
G353	8.233872912	7.81747585	8.132818712	8.151763619	8.377716122	8.536699722	8.307209864	8.294332499	P2
G354	8.585039954	8.621796972	8.764273123	8.704721657	10.82681767	10.78002883	10.520601	10.65469597	P2
G355	9.519863207	9.410330178	10.05485065	9.566385221	10.89687246	10.63996948	10.62984412	10.78354422	P2
G356	10.59819175	10.41544647	10.56788265	10.42817254	9.46433618	8.839214638	9.769851205	9.372428823	P2
G357	9.641943952	9.884064304	9.723903635	9.549238703	8.872516055	8.402555984	8.943762207	8.466009113	P2
G358	10.10629734	10.14312418	10.11416579	10.24471003	10.01622439	9.736081858	10.30654302	9.882910664	P2
G359	12.41894962	12.20859206	12.53599743	12.29934901	10.54075147	10.31170017	10.48969426	10.56788265	P2
G360	8.314285452	7.90634809	8.172540217	8.220392229	8.40573648	8.284880368	7.871209047	8.087840352	P2
G361	8.390207037	8.002455609	8.575564806	8.444743435	10.24471003	10.23705956	9.881656726	10.05615591	P2
G362	8.186275588	8.603789159	7.987297543	8.18799991	7.940803953	8.094940291	8.014874777	8.016737146	P2
G363	10.61756865	10.76612161	10.50408001	10.58903038	11.4342007	12.67447942	12.52171047	12.51185147	P2
G364	7.944090839	8.033102926	8.017438968	8.111754796	8.957239409	9.149948238	8.894115283	9.007989225	P2
G365	10.32108285	10.3602726	10.61207102	10.520601	9.140722636	9.392310421	9.157276755	9.070820545	P2
G366	8.513696982	8.517304752	8.323252575	8.378852254	10.76391352	11.3702488	11.27049511	11.30521642	P2
G367	9.932891171	9.630250185	10.17251899	10.04681617	9.513162305	9.126623224	9.126623224	9.117694693	P2
G368	7.717241213	7.708934874	7.847939797	7.870198129	7.911723515	8.047919029	8.329126372	7.9578062	P2
G369	9.585336918	9.839943681	9.683880074	9.621337854	8.372035423	8.032743806	8.248401357	8.129645774	P2
G370	8.553666056	8.481499314	8.63959753	8.443305351	8.134108425	8.011086354	8.139445268	7.982252652	P2
G371	8.693818421	8.666439705	8.935692743	8.690091033	8.704721657	8.470736795	8.884448498	8.96214919	P2
G372	8.764273123	8.504655795	8.395785098	8.356275868	8.804424895	8.615982319	8.779350387	8.729942582	P2
G373	10.25498584	10.13054939	10.55588122	10.34683059	11.07490473	10.87318764	10.71635635	10.86483382	P2
G374	11.15766623	10.82913462	11.76946724	11.34804878	12.52824574	11.95995522	11.91713655	11.82695578	P2
G375	8.171942335	8.661458206	8.082676782	8.298407242	8.089538953	8.239206898	8.162302716	8.06848752	P2
G376	8.657423635	8.192466635	8.453233636	8.435829353	7.681715602	8.016737146	7.756934658	7.966521031	P2
G377	8.309484076	8.395785098	8.332997934	8.33790833	8.004302647	9.138275772	8.30756641	8.336877676	P2
G378	8.39237688	8.260202994	7.887358703	7.851983129	10.19454094	10.52477052	10.14421258	9.979531865	P2
G379	7.909670441	7.974297426	8.053175474	8.011958216	8.427088445	8.511537491	8.416802924	8.396587432	P2
G380	7.913950109	7.838175253	8.206542995	8.018158672	8.319602378	8.514618481	8.274397487	8.317314738	P2
G381	8.200544129	8.409102987	8.247422537	8.18465877	9.284914676	8.944605914	9.199525536	8.806996346	P2
G382	10.61207102	10.35857807	10.3513089	10.26334719	10.45988801	10.04491346	10.91118176	10.45502664	P2
G383	8.968778923	8.457721503	8.522878319	8.432302884	7.906649275	7.890739175	7.843603459	7.760294027	P2
G384	8.198516124	8.061968717	8.159134407	8.34378533	10.84150051	10.94039591	10.46860675	10.71152244	P2
G385	9.002913451	9.114601657	8.965462088	9.189546808	8.500689478	8.37826177	8.103783733	8.286356846	P2
G386	13.57255418	13.80421134	13.43083425	13.57255418	10.19636095	11.40081976	10.78668944	11.01627544	P2
G387	9.15320577	9.29772999	9.048877965	9.099682723	7.953214383	8.475793738	8.312298207	8.564670963	P2
G388	8.252876587	8.753867654	8.354988015	8.402936732	8.063504596	8.342920097	8.050826823	8.163698103	P2
G389	9.506667488	9.241094321	9.245803554	9.325336086	10.0787843	10.27602853	10.07341882	10.22147202	P2
G390	7.983859427	7.790164946	7.831410891	8.214528847	7.991680654	8.108451627	8.212241188	8.160036975	P2
G391	8.840974952	8.99291633	8.922949985	8.749890204	8.90154974	8.661097821	8.615982319	8.608508041	P2
G392	8.342920097	8.807391302	8.561590854	8.646099269	9.146759799	8.880255715	8.973018703	8.893193612	P2
G393	8.978297407	8.605093144	8.630929245	8.586021703	9.10774604	9.175358175	9.458711424	9.314432809	P2
G394	9.776317114	9.779429562	9.618255404	9.648739758	9.732161559	9.764821063	9.723903635	9.827162289	P2
G395	8.577476449	8.211815612	8.197447016	8.195645014	8.190885077	8.214528847	8.141114135	8.073187444	P2
G396	10.70495405	10.61562671	11.10606143	11.01627544	10.63770115	10.63351732	10.23370955	10.37025761	P2
G397	13.47181417	13.77107965	12.82218016	13.44681022	11.83273701	12.24323811	10.81606707	11.41663982	P2
G398	10.73506955	10.79363205	10.79650192	10.79650192	9.504699351	10.16868693	9.702355034	9.907894125	P2
G399	8.016207532	8.076243818	7.966521031	8.056708797	8.291482765	8.503631295	8.395785098	8.39237688	P2
G400	8.17293287	8.199726597	8.187641849	8.002455609	7.997665165	8.292197666	7.971897598	8.12644319	P2
G401	8.700324363	8.015187299	8.104317312	7.980615594	8.014874777	7.789253615	8.058866619	8.061968717	P3
G402	9.030117895	9.177132689	9.422163473	9.286841661	8.633686972	8.528199156	8.459462991	8.501665221	P3
G403	8.204916875	7.922889179	8.244706282	7.953983788	8.179257363	7.770813024	8.143504173	7.726118652	P3
G404	8.831839873	8.933748006	9.200679714	8.957239409	8.721348725	8.369169725	9.344497879	8.855676438	P3
G405	7.934720816	8.096875674	7.843603459	8.241759214	8.016207532	7.673646347	7.836053268	7.757771592	P3
G406	9.197286717	8.029638136	8.978648285	8.267734659	8.165094971	8.004782662	7.851983129	8.031048791	P3
G407	9.082526347	8.761428524	9.391210998	8.771380415	10.28377206	9.805797792	9.785490633	9.836041245	P3
G408	10.60984432	9.960698044	11.1667912	10.8070303	11.78980737	11.20442536	11.05992114	11.42495998	P3
G409	8.459822442	9.045231669	8.434586905	8.476824605	8.545503803	8.512846092	8.505396423	8.562691443	P3
G410	9.930243111	9.796963288	9.585336918	9.618255404	9.884064304	10.05485065	10.33893736	10.26554579	P3
G411	9.604817653	9.943958513	9.697480863	9.732161559	9.127608198	9.544161752	9.706964434	9.675707067	P3
G412	8.501665221	7.583893951	8.087840352	8.061968717	8.161150457	8.372035423	8.12644319	7.99983003	P3
G413	7.763147105	8.094940291	8.098193702	7.964347052	8.576417764	8.380073769	9.076157065	8.572769163	P3
G414	12.83268726	12.7367192	12.69678137	12.50560298	11.07012082	9.779429562	10.74023625	9.753657273	P3
G415	8.968778923	8.38505949	9.396056915	8.528199156	8.112993966	7.917175874	8.165094971	7.831410891	P3
G416	9.936788556	9.811359995	10.08780796	10.22438091	9.985907039	9.210817765	9.985907039	9.83293254	P3
G417	8.220392229	8.274861581	8.693818421	8.310605048	8.366237608	8.009221425	8.132818712	8.256834902	P3
G418	9.89057204	9.647006853	10.10629734	9.788625339	8.53215594	8.165937404	8.096875674	8.201699686	P3
G419	11.42129056	10.8180151	11.85856041	11.60094429	13.40910848	12.9690069	12.84163563	12.95883318	P3
G420	8.754635118	8.127487015	8.107655173	8.364115301	7.81937983	7.89841685	7.915705466	7.903364548	P3
G421	7.764598615	8.144685579	7.786215741	7.9578062	8.0373844	7.941302821	7.969884803	7.950655547	P3
G422	8.631472665	7.953214383	8.085405693	8.250121232	8.263419563	8.325258173	8.068978015	8.067668656	P3
G423	8.300427054	8.701480374	8.443305351	8.30756641	9.396790783	8.701480374	9.409387902	9.334704004	P3
G424	11.21325459	11.5588557	10.84150051	11.0254477	10.43676406	11.21325459	10.22147202	10.56491125	P3
G425	9.500395632	9.110223925	8.194487931	8.673697752	8.031048791	8.11830145	7.923658433	8.016207532	P3
G426	8.56557593	8.816322452	8.53892934	8.603184104	8.148551637	8.487994161	8.265676487	8.360519242	P3
G427	10.96766816	10.82186661	10.55269043	10.76037953	10.01512998	10.61207102	10.0628057	10.23705956	P3
G428	8.358266381	8.223992949	8.487994161	8.713907377	7.784863229	8.105903303	8.982126699	8.726707676	P3
G429	10.3602726	10.44830305	10.47703819	10.6266766	10.78961857	11.09112341	10.66450892	10.79363205	P3
G430	9.148488952	9.551330787	9.633649499	9.667158645	9.617465164	9.725639137	9.472674327	9.406815577	P3
G431	11.73923992	11.99306858	11.67917877	11.6101064	13.30842007	13.06961611	13.12249441	12.80725942	P3
G432	9.403094998	8.895048937	8.622635815	8.682651022	8.795837698	8.798393858	9.042004921	8.886728305	P3
G433	8.020083049	9.371397373	8.110880618	8.315667176	7.895694429	8.110338666	7.93778886	8.144685579	P3
G434	8.614606205	9.827162289	8.968778923	8.697316043	8.30756641	8.557778845	8.499266871	8.551764327	P3
G435	9.943958513	9.784634523	10.05180758	9.851303494	11.00166558	10.7542697	10.72654748	10.88336864	P3
G436	9.186660153	8.803116724	8.743815914	8.768352547	9.125905413	9.16920843	9.013862285	9.069028228	P3
G437	11.0254477	11.32500747	10.53865423	10.86988834	11.37616182	12.19266332	11.04795409	11.25005949	P3
G438	11.09527676	9.785490633	9.426173893	9.709475912	9.474483973	10.43676406	9.851303494	10.18068625	P3
G439	8.236031511	8.384293773	8.101707153	8.171132266	7.873004994	8.140307258	7.949736906	7.983859427	P3
G440	9.251912159	8.557778845	8.679185553	8.344423252	8.294332499	8.479552541	8.239694588	8.323252575	P3
G441	8.892259108	8.909828397	9.207599465	8.950222911	8.717442873	8.856821548	8.648402057	8.76904734	P3
G442	11.94209214	12.18388959	12.19266332	12.03044392	13.12249441	12.56048495	12.7172586	12.19978836	P3
G443	12.33533219	12.7172586	13.00237959	12.99040728	14.00449512	14.00449512	14.07202493	13.9148725	P3
G444	8.562691443	8.826566889	8.896184925	8.580862074	9.340164998	8.659183336	9.529237477	8.811318763	P3
G445	8.112993966	8.354344833	8.289811713	8.268744498	8.321050655	7.953214383	8.204522411	8.011086354	P3
G446	9.391210998	9.069028228	9.916247913	10.54839185	8.880255715	8.489981631	8.569225418	8.570523085	P3
G447	9.732161559	9.624395211	9.752632082	9.48928053	9.911016536	9.50558566	9.446687069	9.51070197	P3
G448	8.960815634	8.842810207	8.846389946	9.125905413	9.230505997	8.767333842	8.714667523	8.911730848	P3
G449	8.469529964	8.737322049	8.381581041	8.55076679	9.498485873	9.29772999	9.120354096	8.969270564	P3
G450	8.848996097	9.499489191	9.388862974	9.126623224	8.665488949	8.594922194	8.676246504	8.622942548	P3
G451	9.471238574	9.553549676	9.340164998	9.387637244	8.541521777	8.796966234	8.563550982	8.690091033	P3
G452	9.385183729	9.621337854	9.028852375	9.01184601	8.538287027	8.744708425	8.717442873	8.70926356	P3
G453	9.683880074	9.662116662	9.767866431	9.950371916	9.337720812	9.369491216	9.307563966	9.383929199	P3
G454	9.037627759	8.667473001	8.713111431	8.736348876	8.955330315	9.072310392	8.877184563	8.954142682	P3
G455	12.68941248	12.60564855	13.04902976	12.89354223	12.08156252	12.01270797	11.5588557	11.67917877	P3
G456	9.234425763	9.43207305	9.378597917	9.064223348	10.25883339	9.517274241	9.796963288	9.1232111	P3
G457	8.144685579	8.342920097	8.274861581	8.369169725	8.168067468	7.971897598	8.154210127	7.888952846	P3
G458	11.18221906	10.93533831	11.10794857	10.98425254	10.03353363	9.361520285	10.27197303	9.962014175	P3
G459	10.19636095	10.04681617	10.29637213	10.01199616	9.900826167	9.529237477	9.721811027	9.716649596	P3
G460	12.25997861	12.24323811	12.52171047	12.29003623	12.03044392	11.04266993	12.24323811	11.92890552	P3
G461	10.64704258	10.39647724	10.91801996	10.78002883	12.68941248	12.06664701	11.84489965	12.03044392	P3
G462	11.26245173	11.30817247	11.08472507	11.13039998	9.551330787	9.695984007	9.578360713	9.546961507	P3
G463	9.401294478	9.015845622	9.069028228	9.44503938	10.27602853	10.72121798	10.12097792	10.29637213	P3
G464	8.323983999	8.223419674	8.505396423	8.300979925	8.536148195	8.68613713	8.544611272	8.591585657	P3
G465	9.166499575	9.193288854	9.3232824	9.009441479	8.969270564	8.743303553	8.619777201	8.619777201	P3
G466	8.11437199	8.273959098	8.246832182	8.160572304	8.535106543	8.461743915	8.413098277	8.31183541	P3
G467	11.09964304	11.09112341	11.07012082	10.91450728	9.767866431	9.860686606	10.43943285	10.17499464	P3
G468	8.983451312	8.535106543	8.891727374	8.931030876	8.387533356	8.450098356	8.342332439	8.444226544	P3
G469	9.260853883	9.426173893	9.321783607	9.369491216	9.141410191	9.603030019	9.599299246	9.651058041	P3
G470	8.281314497	8.154944321	8.38505949	8.390207037	8.617844994	8.956143905	8.70529299	8.767333842	P3
G471	8.945156511	8.78088952	9.007134356	9.07951826	9.904094344	10.14641139	9.738003158	9.802372494	P3
G472	8.313267436	8.23542085	8.463306675	8.36971077	8.369169725	8.452597162	8.56642986	8.489085353	P3
G473	12.48417675	12.46942929	12.34104241	10.90253129	10.87624407	12.90481187	10.60984432	11.11119235	P3
G474	8.59277651	8.190885077	8.397090104	8.183932111	8.209527744	7.932393135	8.119758896	7.970524529	P3
G475	8.886728305	8.872516055	8.658157107	8.644458829	9.229874252	9.201791476	9.395007062	9.551330787	P3
G476	9.28413902	9.275839046	9.135041229	8.758995954	9.692041849	9.426173893	9.813735632	9.881656726	P3
G477	11.79718603	11.74750208	12.15301841	12.09620789	11.38185053	11.36352293	11.10606143	11.29286056	P3
G478	9.303340966	8.96214919	9.686426887	9.586666223	9.265848717	9.303340966	8.778353582	8.896184925	P3
G479	9.331914358	9.309255316	8.95271804	9.181055261	8.188647252	8.698319906	8.412303376	8.590943695	P3
G480	9.348775869	9.520517417	9.197286717	9.191791278	8.757810249	9.051799228	8.848360723	8.807391302	P3
G481	8.722085097	8.419189586	8.612105135	8.700324363	8.154944321	8.898054473	8.75193703	8.943762207	P3
G482	10.42028734	10.17888962	10.13422359	10.27474028	10.53730302	10.87815309	10.38986014	10.57253517	P3
G483	9.10774604	8.99465691	9.564510164	9.604817653	9.064223348	9.251912159	9.017547996	9.010920898	P3
G484	9.288885265	9.427973497	8.855676438	8.809598773	9.496296957	9.244054759	9.3232824	9.245803554	P3
G485	8.075444515	8.336877676	8.134491705	8.146643299	8.39237688	8.133229813	8.214528847	8.123206121	P3
G486	12.06664701	12.0014065	12.02556119	11.98718845	12.19978836	12.0014065	12.65688483	12.36875547	P3
G487	9.089393141	9.212355927	8.456199482	8.405175382	10.3602726	10.3559762	10.88336864	11.04067407	P3
G488	9.593207368	9.709475912	9.457058634	9.437815418	9.671048938	9.665940846	9.486315104	9.683880074	P3
G489	9.040764078	8.767333842	8.724177777	8.375753243	9.382133155	8.935692743	9.2623015	9.732161559	P3
G490	8.554443548	9.037627759	8.170098556	8.358266381	8.334717679	8.990522042	8.649821265	8.880863125	P3
